[adminloginbackground.jpeg]
filters=retouch=1;
moddate=00954a96fee1d401
width=1343
height=700
textactive=0
[cc.jpg]
filters=Lomo=1,57.894737,0.000000;Vignette=1,35.000000,2.000000,0.000000,00000000;
moddate=00510bb8bee2d401
width=887
height=554
textactive=0
